931385.0571538447 1929879.060633269 0
931385.3027278493 1929878.7701467904 0
931385.512881626 1929878.4799510585 0
931385.7311619649 1929878.1009284018 0
931385.861438091 1929877.7891982736 0
931385.9825859739 1929877.4442579914 0
931386.0680404274 1929877.0663256044 0
931386.109037449 1929876.6665680746 0
931386.1057591577 1929876.2671739638 0
931386.0934436736 1929875.845663977 0
931385.9747763603 1929875.4139319153 0
931385.8651462256 1929875.0043157323 0
931385.6846755599 1929874.5952810247 0
931385.5040227482 1929874.1640577593 0
931385.4035208349 1929873.787651741 0
931385.1889958293 1929873.5453219938 0
931385.0614733713 1929873.1136626306 0
931384.8365451635 1929872.6828028033 0
931384.6198345418 1929872.1742103323 0
931384.3854137565 1929871.665763237 0
931384.1508108134 1929871.135127588 0
931384.0333271987 1929870.847621204 0
931383.9158435761 1929870.560114821 0
931383.7983599456 1929870.2726084422 0
931383.671930171 1929869.9740804664 0
931383.5455003853 1929869.6755524965 0
931383.4277435319 1929869.3547632792 0
931383.3012226616 1929869.0451410308 0
931383.1834657906 1929868.724351817 0
931383.0656178389 1929868.3924683242 0
931382.9476788128 1929868.0494905512 0
931382.8297397775 1929867.7065127806 0
931382.7206558054 1929867.3634623254 0
931382.6115718246 1929867.020411871 0
931382.5023056992 1929866.6551728558 0
931382.3930395646 1929866.2899338435 0
931382.2835912842 1929865.9025062707 0
931382.1831802055 1929865.5371945733 0
931382.0825869814 1929865.1496943147 0
931381.9731386731 1929864.7622667474 0
931381.8725454309 1929864.374766491 0
931381.7717700418 1929863.9650776773 0
931381.6798497223 1929863.5553161756 0
931381.5879293898 1929863.1455546739 0
931381.5048641309 1929862.7357204854 0
931381.4216167233 1929862.3036977379 0
931381.3476797359 1929861.9270737057 0
931381.2649787312 1929861.561616642 0
931381.1997146686 1929861.1627313604 0
931381.246631084 1929861.4841020557 0
931381.3202948727 1929861.8274432456 0
931381.4125795064 1929862.2815818654 0
931381.4773882026 1929862.6249957462 0
931381.5514162503 1929863.0127140598 0
931381.6344815069 1929863.422548249 0
931381.7178199609 1929863.8656652805 0
931381.8102866941 1929864.3419924674 0
931381.9207367724 1929864.8514571202 0
931382.0401329814 1929865.3719433683 0
931382.1775125302 1929865.9255670859 0
931382.3412751479 1929866.4567841808 0
931382.5312386898 1929866.9434060925 0
931382.7387302218 1929867.4076940739 0
931382.9638408077 1929867.860742405 0
931383.1799141661 1929868.291674868 0
931383.3694222851 1929868.722825397 0
931383.5146550321 1929869.1543393608 0
931383.6331404208 1929869.5638828252 0
931383.733733526 1929869.9513831022 0
931383.8516724973 1929870.2943608863 0
931383.9959034653 1929870.6038377702 0
931384.1575713645 1929870.8798864451 0
931384.3724607299 1929871.1665932888 0
931384.1666996293 1929870.9130966004 0
931383.9787397251 1929870.6705488274 0
931383.7280657901 1929870.3397556155 0
931383.5310686528 1929870.0750919762 0
931383.3249432362 1929869.7772181858 0
931383.0920704551 1929869.4573739006 0
931382.8500693847 1929869.104319465 0
931382.5899938798 1929868.7070332894 0
931382.3297362115 1929868.287558561 0
931382.0515862382 1929867.8460406528 0
931381.7731630263 1929867.3712399136 0
931381.4944665774 1929866.8631563403 0
931381.3417446585 1929866.5981293102 0
931381.2066418076 1929866.3218626236 0
931381.0538288024 1929866.045741318 0
931380.9186348655 1929865.7583803548 0
931380.7744947724 1929865.4599978034 0
931380.6303546715 1929865.1616152534 0
931380.4950696358 1929864.863160018 0
931380.3418012246 1929864.5315673207 0
931380.2150980316 1929864.1997565576 0
931380.0797218952 1929863.8902070483 0
931379.9079236541 1929863.4589112117 0
931379.7814936436 1929863.1603832976 0
931379.6552457681 1929862.8840439462 0
931379.4755942005 1929862.574857899 0
931379.2607044526 1929862.2881511778 0
931379.0461789807 1929862.0458215864 0
931378.7963242554 1929861.8148770463 0
931378.5200864245 1929861.6063391492 0
931378.2171011958 1929861.3758307763 0
931377.9496273433 1929861.1561259248 0
931378.1903538117 1929861.353860289 0
931378.5287593589 1929861.5840778963 0
931378.7955956721 1929861.7261228005 0
931379.0976701467 1929861.845688389 0
931379.417272625 1929861.9429200457 0
931379.754312037 1929862.0067234908 0
931380.1088794576 1929862.0481930084 0
931380.4630825936 1929862.045285419 0
931380.7816832742 1929862.0204800405 0
931381.0912467383 1929861.9735588 0
931381.64793278 1929861.824753772 0
931382.0365544835 1929861.6995184086 0
931382.3812650754 1929861.6190236243 0
931382.73492182 1929861.5495504488 0
931383.0535225242 1929861.5247451565 0
931382.6474638468 1929861.6834086878 0
931382.3651030771 1929861.8077717705 0
931382.0566324239 1929861.9878243292 0
931381.7397620508 1929862.2234209923 0
931381.4321110509 1929862.5033221 0
931381.1513895832 1929862.8273822775 0
931380.9327447488 1929863.1620279206 0
931380.7583753152 1929863.4963101232 0
931380.6282812797 1929863.830228883 0
931380.5423715662 1929864.1526899177 0
931380.5005550939 1929864.4525989443 0
931380.4772684147 1929864.8522111159 0
931380.4892198959 1929865.2293439694 0
931380.5451735365 1929865.5728305345 0
931380.6365474715 1929865.9160263417 0
931380.7813250528 1929866.2920688556 0
931380.9703779903 1929866.667747927 0
931381.1319549928 1929866.9327022631 0
931381.3200061314 1929867.1863442538 0
931381.6596863285 1929867.5718819147 0
931381.9185780156 1929867.8249424116 0
931382.2127989078 1929868.0666178863 0
931382.5156927181 1929868.2860321216 0
931382.8360234519 1929868.472018151 0
931383.147225898 1929868.6247940364 0
931383.4317720503 1929868.7666937138 0
931383.921259758 1929869.0622415494 0
931384.2065344118 1929869.2928954982 0
931384.4564798325 1929869.534934479 0
931384.6799510967 1929869.788285802 0
931384.9123684799 1929870.0526587279 0
931385.1718063799 1929870.3722850084 0
931385.3685302623 1929870.6036658455 0
931385.5742002666 1929870.8460682794 0
931385.7799613231 1929871.0995650014 0
931386.0035235675 1929871.3640106411 0
931386.2270857977 1929871.6284562862 0
931386.45083014 1929871.9150904992 0
931386.6834295345 1929872.201652036 0
931387.0411836657 1929872.6314216685 0
931387.2738740825 1929872.9290775007 0
931387.5154195491 1929873.2266606572 0
931387.7570560599 1929873.535338102 0
931388.0075476209 1929873.8439428706 0
931388.2402379703 1929874.1415987299 0
931388.4907294957 1929874.4502035142 0
931388.7322748759 1929874.7477867054 0
931388.9827663631 1929875.056391503 0
931389.2244027681 1929875.3650689903 0
931389.4660391576 1929875.6737464818 0
931389.7077665861 1929875.993518263 0
931389.9582580008 1929876.3021230907 0
931390.2088404576 1929876.6218222058 0
931390.4593318353 1929876.9304270477 0
931390.692295186 1929877.261365817 0
931390.9076394549 1929877.6035442285 0
931391.1407848814 1929877.9566715732 0
931391.3649841755 1929878.2987773195 0
931391.5628003788 1929878.6632896678 0
931391.7517615075 1929879.0278746972 0
931391.9319586164 1929879.403626691 0
931392.1033917038 1929879.7905456466 0
931392.2482596018 1929880.1776826363 0
931392.3755994786 1929880.5871535465 0
931392.4677012226 1929881.0191037306 0
931392.5420928407 1929881.4511992661 0
931392.5901013934 1929881.9057013963 0
931392.6115447701 1929882.360421559 0
931392.6153690882 1929882.8263813572 0
931392.6014832959 1929883.2924865088 0
931392.569887396 1929883.758737014 0
931392.5292543328 1929884.2028716358 0
931392.4618740015 1929884.6250357286 0
931392.3766925173 1929885.0362508951 0
931392.273527766 1929885.4143285744 0
931392.1613258601 1929885.7702903713 0
931392.0578879605 1929886.1150852116 0
931391.9187566903 1929886.4268879225 0
931391.7794433202 1929886.7165020714 0
931391.6489850116 1929887.0060435473 0
931391.5184356556 1929887.2844907444 0
931391.379941825 1929887.6739534312 0
931391.303160192 1929888.0296245283 0
931391.2260143372 1929888.3409185028 0
931391.1670338768 1929888.707538525 0
931391.1518733823 1929889.0183237512 0
931391.146023223 1929889.3845077031 0
931391.1577010517 1929889.728357737 0
931391.1432690196 1929890.1278972102 0
931391.1205282861 1929890.5940750493 0
931391.1055499115 1929890.927048838 0
